Total: R$ 100,00
--------------------------------
|       |       |       |      |
| 10,00 | 10,00 | 10,00 | 10,00|
|       |       |       |      |
--------------------------------
|       |       |       |      |
| 10,00 |  5,00 | 5,00  |  5,00|
|       |       |       |      |
--------------------------------
|       |       |       |      |
|  5,00 |  2,00 | 2,00  |  2,00|
|       |       |       |      |
--------------------------------
|       |       |       |      |
|  2,00 |  2,00 | 2,00  |  2,00|
|       |       |       |      |
--------------------------------
|       |       |       |      |
|  2,00 |  2,00 | 2,00  |  2,00|
|       |       |       |      |
--------------------------------
|       |       |       |      |
|  1,00 |  1,00 | 1,00  |  1,00|
|       |       |       |      |
--------------------------------
|       |       |       |      |
|  1,00 |  1,00 | 1,00  |  1,00|
|       |       |       |      |
--------------------------------
